MARGINALPDBC;
2026;09;21;1;200.76;200.76;
2026;09;21;2;190;190;
2026;09;21;3;186.31;186.31;
2026;09;21;4;186.25;186.25;
2026;09;21;5;185.37;185.37;
2026;09;21;6;184.67;184.67;
2026;09;21;7;184.57;184.57;
2026;09;21;8;179.08;179.08;
2026;09;21;9;183.56;183.56;
2026;09;21;10;176.07;176.07;
2026;09;21;11;175.9;175.9;
2026;09;21;12;175.9;175.9;
2026;09;21;13;175;175;
2026;09;21;14;175;175;
2026;09;21;15;174.16;174.16;
2026;09;21;16;174.16;174.16;
2026;09;21;17;174.16;174.16;
2026;09;21;18;174.16;174.16;
2026;09;21;19;174.29;174.29;
2026;09;21;20;175;175;
2026;09;21;21;175;175;
2026;09;21;22;175;175;
2026;09;21;23;176.6;176.6;
2026;09;21;24;184.67;184.67;
2026;09;21;25;184.67;184.67;
2026;09;21;26;187.13;187.13;
2026;09;21;27;190;190;
2026;09;21;28;200.5;200.5;
2026;09;21;29;211.7;211.7;
2026;09;21;30;224;224;
2026;09;21;31;227;227;
2026;09;21;32;230.57;230.57;
2026;09;21;33;263.9;263.9;
2026;09;21;34;246.23;246.23;
2026;09;21;35;226;226;
2026;09;21;36;195;195;
2026;09;21;37;212.25;212.25;
2026;09;21;38;186.25;186.25;
2026;09;21;39;167.52;167.52;
2026;09;21;40;110.77;110.77;
2026;09;21;41;110.1;110.1;
2026;09;21;42;91.6;91.6;
2026;09;21;43;65;65;
2026;09;21;44;38.73;38.73;
2026;09;21;45;11.85;11.85;
2026;09;21;46;2.99;2.99;
2026;09;21;47;2;2;
2026;09;21;48;1.81;1.81;
2026;09;21;49;1.52;1.52;
2026;09;21;50;1.5;1.5;
2026;09;21;51;1.49;1.49;
2026;09;21;52;1.5;1.5;
2026;09;21;53;1.82;1.82;
2026;09;21;54;1.82;1.82;
2026;09;21;55;1.75;1.75;
2026;09;21;56;1.52;1.52;
2026;09;21;57;1.52;1.52;
2026;09;21;58;1.82;1.82;
2026;09;21;59;1.95;1.95;
2026;09;21;60;1.85;1.85;
2026;09;21;61;3.43;3.43;
2026;09;21;62;3.43;3.43;
2026;09;21;63;5;5;
2026;09;21;64;5.88;5.88;
2026;09;21;65;6.07;6.07;
2026;09;21;66;14.8;14.8;
2026;09;21;67;24.01;24.01;
2026;09;21;68;27;27;
2026;09;21;69;27;27;
2026;09;21;70;50;50;
2026;09;21;71;85;85;
2026;09;21;72;97;97;
2026;09;21;73;92.55;92.55;
2026;09;21;74;112;112;
2026;09;21;75;150;150;
2026;09;21;76;190.01;190.01;
2026;09;21;77;190;190;
2026;09;21;78;224.92;224.92;
2026;09;21;79;251.9;251.9;
2026;09;21;80;276.54;276.54;
2026;09;21;81;251.3;251.3;
2026;09;21;82;250.28;250.28;
2026;09;21;83;250;250;
2026;09;21;84;251.3;251.3;
2026;09;21;85;253.01;253.01;
2026;09;21;86;250;250;
2026;09;21;87;240.01;240.01;
2026;09;21;88;212.25;212.25;
2026;09;21;89;225;225;
2026;09;21;90;212.25;212.25;
2026;09;21;91;206.93;206.93;
2026;09;21;92;200;200;
2026;09;21;93;200;200;
2026;09;21;94;188.19;188.19;
2026;09;21;95;187.25;187.25;
2026;09;21;96;184.67;184.67;
*
