MARGINALPDBC;
2026;10;05;1;210;210;
2026;10;05;2;208.98;208.98;
2026;10;05;3;207.4;207.4;
2026;10;05;4;204.4;204.4;
2026;10;05;5;207.4;207.4;
2026;10;05;6;205;205;
2026;10;05;7;201.46;201.46;
2026;10;05;8;199.97;199.97;
2026;10;05;9;199.48;199.48;
2026;10;05;10;196;196;
2026;10;05;11;193;193;
2026;10;05;12;192.7;192.7;
2026;10;05;13;193;193;
2026;10;05;14;192.66;192.66;
2026;10;05;15;192.66;192.66;
2026;10;05;16;192.66;192.66;
2026;10;05;17;192.66;192.66;
2026;10;05;18;192.66;192.66;
2026;10;05;19;192.66;192.66;
2026;10;05;20;192.66;192.66;
2026;10;05;21;192.66;192.66;
2026;10;05;22;192.66;192.66;
2026;10;05;23;194.8;194.8;
2026;10;05;24;200.46;200.46;
2026;10;05;25;203.41;203.41;
2026;10;05;26;202.47;202.47;
2026;10;05;27;212.14;212.14;
2026;10;05;28;215.7;215.7;
2026;10;05;29;217.7;217.7;
2026;10;05;30;226.19;226.19;
2026;10;05;31;234.29;234.29;
2026;10;05;32;241.71;241.71;
2026;10;05;33;265.01;265.01;
2026;10;05;34;241.79;241.79;
2026;10;05;35;235.72;235.72;
2026;10;05;36;217.7;217.7;
2026;10;05;37;235.16;235.16;
2026;10;05;38;214.42;214.42;
2026;10;05;39;210.86;210.86;
2026;10;05;40;200;200;
2026;10;05;41;210.56;210.56;
2026;10;05;42;200;200;
2026;10;05;43;190;190;
2026;10;05;44;165.34;165.34;
2026;10;05;45;156.94;156.94;
2026;10;05;46;155;155;
2026;10;05;47;145;145;
2026;10;05;48;140.3;140.3;
2026;10;05;49;140;140;
2026;10;05;50;137;137;
2026;10;05;51;134.18;134.18;
2026;10;05;52;130.19;130.19;
2026;10;05;53;137;137;
2026;10;05;54;136.21;136.21;
2026;10;05;55;135.2;135.2;
2026;10;05;56;132.15;132.15;
2026;10;05;57;130;130;
2026;10;05;58;130.61;130.61;
2026;10;05;59;130.8;130.8;
2026;10;05;60;130.8;130.8;
2026;10;05;61;137;137;
2026;10;05;62;140;140;
2026;10;05;63;140;140;
2026;10;05;64;142.2;142.2;
2026;10;05;65;143.15;143.15;
2026;10;05;66;150;150;
2026;10;05;67;156.81;156.81;
2026;10;05;68;175.28;175.28;
2026;10;05;69;159.21;159.21;
2026;10;05;70;187.92;187.92;
2026;10;05;71;205.01;205.01;
2026;10;05;72;212.7;212.7;
2026;10;05;73;206;206;
2026;10;05;74;210.4;210.4;
2026;10;05;75;215.93;215.93;
2026;10;05;76;243.9;243.9;
2026;10;05;77;240;240;
2026;10;05;78;258.78;258.78;
2026;10;05;79;271.93;271.93;
2026;10;05;80;261.9;261.9;
2026;10;05;81;262.64;262.64;
2026;10;05;82;269.79;269.79;
2026;10;05;83;271.32;271.32;
2026;10;05;84;269.79;269.79;
2026;10;05;85;262.64;250;
2026;10;05;86;262.64;245.53;
2026;10;05;87;262.64;233.78;
2026;10;05;88;262.64;217;
2026;10;05;89;234.68;234.68;
2026;10;05;90;218.7;218.7;
2026;10;05;91;215.9;215.9;
2026;10;05;92;214.02;214.02;
2026;10;05;93;214.96;214.96;
2026;10;05;94;213.08;213.08;
2026;10;05;95;211.2;211.2;
2026;10;05;96;210.4;210.4;
*
